Woldemichael Eyosias Tsegaye
Yacine Ayachi


lagrange :
densiter

x = {0, 2, 4, 6, 8, 10, 12, 14, 16, 18, 20, 22, 24, 26, 28, 30, 32, 34, 36, 38}

y =  {0.99987, 0.99997, 1.00000, 0.99997, 0.99988, 0.99973, 0.99953, 0.99927, 0.99897, 0.99846, 
      0.99805, 0.999751, 0.99705, 0.99650, 0.99664, 0.99533, 0.99472, 0.99472, 0.99333, 0.99326};
x ajouter: 

x = {1, 3, 5, 7, 9, 11, 13, 15, 17, 19, 21, 23, 25, 27, 29, 31, 33, 35, 37, 39}

y trouver

y = {1.909672 ,  0.918556 ,  1.012970 ,  0.996823 , 
     1.000849 ,  0.999176 ,  0.999674 ,  0.998926 ,  
     0.998956 ,  0.997881 ,  0.999045 ,  0.998975 ,  
     0.995827 ,  0.997625 ,  0.994291 ,  0.999759 ,  
     0.975423 ,  1.110356 ,  -0.257850 , 44.245132 } 

Newton :
densiter

x = {0, 2, 4, 6, 8, 10, 12, 14, 16, 18, 20, 22, 24, 26, 28, 30, 32, 34, 36, 38}

y =  {	0.99987, 0.99997, 1.00000, 0.99997, 
	0.99988, 0.99973, 0.99953, 0.99927, 
	0.99897, 0.99846, 0.99805, 0.999751, 
	0.99705, 0.99650, 0.99664, 0.99533,
	0.99472, 0.99472, 0.99333, 0.99326};
x ajouter: 

x = {1, 3, 5, 7, 9, 11, 13, 15, 17, 19, 21, 23, 25, 27, 29, 31, 33, 35, 37, 39}

y trouver

y = {   1.909833 ,  0.918559 ,  1.012969 ,  0.996823 , 
	1.000849 ,  0.999176 ,  0.999674 ,  0.998927 ,  
	0.998956 ,  0.997881 ,  0.999046 ,  0.998975 ,  
	0.995827 ,  0.997625 ,  0.994292 ,  0.999760 ,  
	0.975400 ,  1.110397 ,  -0.258396 , 44.238525 ,  } 


x, y final Newton:

x = {   0, 2, 4, 6, 
	8, 10, 12, 14, 
	16, 18, 20, 22, 
	24, 26, 28, 30, 
	32, 34, 36, 38,1, 
	3, 5, 7, 9, 
	11, 13, 15, 17, 
	19, 21, 23, 25, 
	27, 29, 31, 33, 
	35, 37, 39}

y = { 0.99987, 0.99997, 1.00000, 0.99997, 
	0.99988, 0.99973, 0.99953, 0.99927, 
	0.99897, 0.99846, 0.99805, 0.999751, 
	0.99705, 0.99650, 0.99664, 0.99533,
	0.99472, 0.99472, 0.99333, 0.99326
	1.909833 ,  0.918559 ,  1.012969 ,  0.996823 , 
	1.000849 ,  0.999176 ,  0.999674 ,  0.998927 ,  
	0.998956 ,  0.997881 ,  0.999046 ,  0.998975 ,  
	0.995827 ,  0.997625 ,  0.994292 ,  0.999760 ,  
	0.975400 ,  1.110397 ,  -0.258396 , 44.238525 ,  }

x y final Lagrange:

x = {   0, 2, 4, 6, 
	8, 10, 12, 14, 
	16, 18, 20, 22, 
	24, 26, 28, 30, 
	32, 34, 36, 38,1, 
	3, 5, 7, 9, 
	11, 13, 15, 17, 
	19, 21, 23, 25, 
	27, 29, 31, 33, 
	35, 37, 39}

y =	 {0.99987, 0.99997, 1.00000, 0.99997, 
	  0.99988, 0.99973, 0.99953, 0.99927,
	  0.99897, 0.99846, 0.99805, 0.999751, 
	  0.99705, 0.99650, 0.99664, 0.99533, 
	  0.99472, 0.99472, 0.99333, 0.99326,
	  1.909672 ,  0.918556 ,  1.012970 ,  0.996823 , 
          1.000849 ,  0.999176 ,  0.999674 ,  0.998926 ,  
          0.998956 ,  0.997881 ,  0.999045 ,  0.998975 ,  
          0.995827 ,  0.997625 ,  0.994291 ,  0.999759 ,  
          0.975423 ,  1.110356 ,  -0.257850 , 44.245132}



