Woldemichael Eyosias Tsegaye
Yacine Ayachi

Newton  
x et y Depense mensuelle
x =  {752, 855, 871, 734, 610, 582, 921, 492, 
      569, 462, 907, 643, 862, 524, 679, 902, 
      918, 828, 875, 809, 894};
y = {85, 83, 162, 79, 81, 83, 281, 81, 81, 80, 243, 
     84, 84, 82, 80, 226, 260, 82, 186, 77, 223};

x ajouter 
	1    2    3    4    5    6    7    8    9   10   11   12  13    14  15   16   17   18   19   20   21
x = {759, 580, 597, 648, 637, 658, 569, 528, 789, 876, 749, 963, 921, 842, 714, 633, 721, 819, 852, 948, 937}

y trouver 

y = {   81.757355 ,  82.639084 ,  84.272522 ,  47.273937 ,  58.873795 ,  
	38.112099 ,  81.000320 ,  100.372391 ,  35.673061 ,  184.893494 ,  
	85.366776 ,  4211.575195 ,  281.000000 ,  30.422447 ,  57.169285 ,  
	63.054741 ,  65.619713 ,  -5.522362 ,  69.274010 ,  1439.482666 ,  638.858032 }

x et y final Newton :

x = {752, 855, 871, 734, 610, 582, 921, 492, 
      569, 462, 907, 643, 862, 524, 679, 902, 
      918, 828, 875, 809, 894, 759, 580, 597, 648, 637, 658, 569, 528, 789, 876, 749, 963, 921, 842, 714, 633, 721, 819, 852, 948, 937};

y = {85, 83, 162, 79, 81, 83, 281, 81, 81, 80, 243, 
     84, 84, 82, 80, 226, 260, 82, 186, 77, 223,  81.757355 ,  82.639084 ,  84.272522 ,  47.273937 ,  58.873795 ,  
	38.112099 ,  81.000320 ,  100.372391 ,  35.673061 ,  184.893494 ,  
	85.366776 ,  4211.575195 ,  281.000000 ,  30.422447 ,  57.169285 ,  
	63.054741 ,  65.619713 ,  -5.522362 ,  69.274010 ,  1439.482666 ,  638.858032};



Lagrange:
x et y Depense mensuelle
x =  {752, 855, 871, 734, 610, 582, 921, 492, 
      569, 462, 907, 643, 862, 524, 679, 902, 
      918, 828, 875, 809, 894};
y = {85, 83, 162, 79, 81, 83, 281, 81, 81, 80, 243, 
     84, 84, 82, 80, 226, 260, 82, 186, 77, 223};

x ajouter 
	1    2    3    4    5    6    7    8    9   10   11   12  13    14  15   16   17   18   19   20   21
x = {759, 580, 597, 648, 637, 658, 569, 528, 789, 876, 749, 963, 921, 842, 714, 633, 721, 819, 852, 948, 937}

y trouver 

y = {   81.757385 ,  82.639046 ,  84.272522 ,  
	47.273804 ,  58.873657 ,  38.112003 ,  
	81.000000 ,  100.372612 ,  35.673080 ,  
	184.893494 ,  85.366776 ,  4211.573242 ,  
	281.000000 ,  30.422445 ,  57.169231 ,  
	63.054688 ,  65.619652 ,  -5.522377 ,  
	69.273994 ,  1439.482910 ,  638.858032 }

x et y final Lagrange :

x = {752, 855, 871, 734, 610, 582, 921, 492, 
      569, 462, 907, 643, 862, 524, 679, 902, 
      918, 828, 875, 809, 894, 759, 580, 597, 648, 637, 658, 569, 528, 789, 876, 749, 963, 921, 842, 714, 633, 721, 819, 852, 948, 937};

y = {85, 83, 162, 79, 81, 83, 281, 81, 81, 80, 243, 
     84, 84, 82, 80, 226, 260, 82, 186, 77, 223,  81.757385 ,  82.639046 ,  84.272522 ,  
	47.273804 ,  58.873657 ,  38.112003 ,  
	81.000000 ,  100.372612 ,  35.673080 ,  
	184.893494 ,  85.366776 ,  4211.573242 ,  
	281.000000 ,  30.422445 ,  57.169231 ,  
	63.054688 ,  65.619652 ,  -5.522377 ,  
	69.273994 ,  1439.482910 ,  638.8580322};